R2: 0.8106918494715141
MAE: 55.298738646841755
MSE: 4533.584258579058
RMSE: 67.3318962942457
TP: 193
TN: 166
FP: 30
FN: 11
F1: 0.9039812646370023
KL: 0.25492687519967977